#Count	#Growing	#Fire	#Total Trees
 0			 0.0 			 0.0 			 23.0	
 1			 14.0 			 0.0 			 23.0	
 2			 11.0 			 1.0 			 36.0	
 3			 13.0 			 5.0 			 42.0	
 4			 8.0 			 9.0 			 46.0	
 5			 14.0 			 20.0 			 34.0	
 6			 11.0 			 17.0 			 31.0	
 7			 9.0 			 13.0 			 29.0	
 8			 10.0 			 15.0 			 23.0	
 9			 11.0 			 10.0 			 23.0	
 10			 16.0 			 9.0 			 25.0	
 11			 7.0 			 10.0 			 31.0	
 12			 10.0 			 9.0 			 29.0	
 13			 17.0 			 12.0 			 27.0	
 14			 17.0 			 14.0 			 30.0	
 15			 12.0 			 17.0 			 30.0	
 16			 8.0 			 11.0 			 31.0	
 17			 11.0 			 13.0 			 26.0	
 18			 9.0 			 9.0 			 28.0	
 19			 14.0 			 11.0 			 26.0	
 20			 9.0 			 12.0 			 28.0	
 21			 13.0 			 14.0 			 23.0	
 22			 15.0 			 12.0 			 24.0	
 23			 5.0 			 14.0 			 25.0	
 24			 19.0 			 12.0 			 18.0	
 25			 12.0 			 4.0 			 33.0	
 26			 13.0 			 5.0 			 40.0	
 27			 7.0 			 6.0 			 47.0	
 28			 10.0 			 12.0 			 42.0	
 29			 4.0 			 20.0 			 32.0	
 30			 13.0 			 19.0 			 17.0	
 31			 13.0 			 9.0 			 21.0	
 32			 18.0 			 9.0 			 25.0	
 33			 13.0 			 7.0 			 36.0	
 34			 8.0 			 11.0 			 38.0	
 35			 16.0 			 11.0 			 35.0	
 36			 8.0 			 16.0 			 35.0	
 37			 12.0 			 17.0 			 26.0	
 38			 9.0 			 15.0 			 23.0	
 39			 11.0 			 9.0 			 23.0	
 40			 12.0 			 13.0 			 21.0	
 41			 15.0 			 12.0 			 21.0	
 42			 13.0 			 12.0 			 24.0	
 43			 16.0 			 12.0 			 25.0	
 44			 19.0 			 12.0 			 29.0	
 45			 7.0 			 17.0 			 31.0	
 46			 6.0 			 14.0 			 24.0	
 47			 16.0 			 9.0 			 21.0	
 48			 11.0 			 9.0 			 28.0	
 49			 8.0 			 9.0 			 30.0	
 50			 11.0 			 12.0 			 26.0	
 51			 9.0 			 12.0 			 25.0	
 52			 14.0 			 12.0 			 22.0	
 53			 14.0 			 12.0 			 24.0	
 54			 14.0 			 14.0 			 24.0	
 55			 17.0 			 13.0 			 25.0	
 56			 13.0 			 11.0 			 31.0	
 57			 11.0 			 22.0 			 22.0	
 58			 14.0 			 11.0 			 22.0	
 59			 14.0 			 10.0 			 26.0	
 60			 9.0 			 12.0 			 28.0	
 61			 11.0 			 13.0 			 24.0	
 62			 11.0 			 11.0 			 24.0	
 63			 13.0 			 9.0 			 26.0	
 64			 16.0 			 9.0 			 30.0	
 65			 23.0 			 11.0 			 35.0	
 66			 6.0 			 12.0 			 46.0	
 67			 7.0 			 24.0 			 28.0	
 68			 11.0 			 21.0 			 14.0	
 69			 17.0 			 8.0 			 17.0	
 70			 8.0 			 5.0 			 29.0	
 71			 12.0 			 7.0 			 30.0	
 72			 12.0 			 10.0 			 32.0	
 73			 18.0 			 13.0 			 31.0	
 74			 9.0 			 14.0 			 35.0	
 75			 12.0 			 19.0 			 25.0	
 76			 14.0 			 11.0 			 26.0	
 77			 12.0 			 13.0 			 27.0	
 78			 9.0 			 12.0 			 27.0	
 79			 11.0 			 10.0 			 26.0	
 80			 10.0 			 11.0 			 26.0	
 81			 6.0 			 11.0 			 25.0	
 82			 15.0 			 12.0 			 19.0	
 83			 6.0 			 12.0 			 22.0	
 84			 13.0 			 8.0 			 20.0	
 85			 11.0 			 7.0 			 26.0	
 86			 16.0 			 10.0 			 27.0	
 87			 16.0 			 9.0 			 34.0	
 88			 10.0 			 15.0 			 35.0	
 89			 6.0 			 16.0 			 29.0	
 90			 11.0 			 18.0 			 17.0	
 91			 12.0 			 16.0 			 12.0	
 92			 15.0 			 4.0 			 20.0	
 93			 13.0 			 5.0 			 30.0	
 94			 14.0 			 5.0 			 38.0	
 95			 8.0 			 8.0 			 44.0	
 96			 13.0 			 13.0 			 39.0	
 97			 10.0 			 19.0 			 33.0	
 98			 14.0 			 19.0 			 24.0	
 99			 10.0 			 11.0 			 27.0	
 100			 11.0 			 12.0 			 25.0	
 101			 12.0 			 12.0 			 24.0	
 102			 11.0 			 13.0 			 23.0	
 103			 12.0 			 14.0 			 20.0	
 104			 18.0 			 9.0 			 23.0	
 105			 9.0 			 7.0 			 34.0	
 106			 9.0 			 16.0 			 27.0	
 107			 8.0 			 14.0 			 22.0	
 108			 5.0 			 8.0 			 22.0	
 109			 11.0 			 9.0 			 18.0	
 110			 17.0 			 6.0 			 23.0	
 111			 19.0 			 1.0 			 39.0	
 112			 7.0 			 2.0 			 56.0	
 113			 12.0 			 10.0 			 53.0	
 114			 6.0 			 19.0 			 46.0	
 115			 9.0 			 29.0 			 23.0	
 116			 13.0 			 18.0 			 14.0	
 117			 21.0 			 7.0 			 20.0	
 118			 7.0 			 2.0 			 39.0	
 119			 10.0 			 7.0 			 39.0	
 120			 8.0 			 16.0 			 33.0	
 121			 11.0 			 16.0 			 25.0	
 122			 10.0 			 16.0 			 20.0	
 123			 12.0 			 13.0 			 17.0	
 124			 15.0 			 11.0 			 18.0	
 125			 16.0 			 7.0 			 26.0	
 126			 15.0 			 9.0 			 33.0	
 127			 12.0 			 10.0 			 38.0	
 128			 7.0 			 13.0 			 37.0	
 129			 15.0 			 17.0 			 27.0	
 130			 8.0 			 12.0 			 30.0	
 131			 17.0 			 12.0 			 26.0	
 132			 13.0 			 16.0 			 27.0	
 133			 18.0 			 13.0 			 27.0	
 134			 15.0 			 11.0 			 34.0	
 135			 7.0 			 15.0 			 34.0	
 136			 13.0 			 19.0 			 22.0	
 137			 13.0 			 16.0 			 19.0	
 138			 15.0 			 6.0 			 26.0	
 139			 8.0 			 10.0 			 31.0	
 140			 16.0 			 13.0 			 26.0	
 141			 9.0 			 11.0 			 31.0	
 142			 14.0 			 15.0 			 25.0	
 143			 11.0 			 10.0 			 29.0	
 144			 9.0 			 12.0 			 28.0	
 145			 11.0 			 12.0 			 25.0	
 146			 13.0 			 9.0 			 27.0	
 147			 14.0 			 12.0 			 28.0	
 148			 6.0 			 13.0 			 29.0	
 149			 13.0 			 14.0 			 21.0	
 150			 9.0 			 11.0 			 23.0	
 151			 13.0 			 10.0 			 22.0	
 152			 13.0 			 12.0 			 23.0	
 153			 14.0 			 12.0 			 24.0	
 154			 12.0 			 9.0 			 29.0	
 155			 17.0 			 7.0 			 34.0	
 156			 11.0 			 15.0 			 36.0	
 157			 7.0 			 19.0 			 28.0	
 158			 12.0 			 10.0 			 25.0	
 159			 12.0 			 13.0 			 24.0	
 160			 13.0 			 11.0 			 25.0	
 161			 8.0 			 9.0 			 29.0	
 162			 12.0 			 12.0 			 25.0	
 163			 12.0 			 12.0 			 25.0	
 164			 7.0 			 14.0 			 23.0	
 165			 12.0 			 9.0 			 21.0	
 166			 19.0 			 6.0 			 27.0	
 167			 11.0 			 5.0 			 41.0	
 168			 7.0 			 10.0 			 42.0	
 169			 8.0 			 16.0 			 33.0	
 170			 9.0 			 15.0 			 26.0	
 171			 15.0 			 17.0 			 18.0	
 172			 9.0 			 8.0 			 25.0	
 173			 14.0 			 7.0 			 27.0	
 174			 12.0 			 5.0 			 36.0	
 175			 13.0 			 9.0 			 39.0	
 176			 9.0 			 17.0 			 35.0	
 177			 10.0 			 12.0 			 32.0	
 178			 7.0 			 14.0 			 28.0	
 179			 12.0 			 13.0 			 22.0	
 180			 14.0 			 9.0 			 25.0	
 181			 13.0 			 10.0 			 29.0	
 182			 10.0 			 14.0 			 28.0	
 183			 14.0 			 12.0 			 26.0	
 184			 11.0 			 12.0 			 28.0	
 185			 7.0 			 19.0 			 20.0	
 186			 14.0 			 14.0 			 13.0	
 187			 16.0 			 5.0 			 22.0	
 188			 10.0 			 7.0 			 31.0	
 189			 15.0 			 10.0 			 31.0	
 190			 11.0 			 15.0 			 31.0	
 191			 4.0 			 14.0 			 28.0	
 192			 10.0 			 14.0 			 18.0	
 193			 16.0 			 8.0 			 20.0	
 194			 7.0 			 9.0 			 27.0	
 195			 19.0 			 9.0 			 25.0	
 196			 14.0 			 5.0 			 39.0	
 197			 12.0 			 8.0 			 45.0	
 198			 13.0 			 19.0 			 38.0	
 199			 8.0 			 22.0 			 29.0	
 200			 9.0 			 19.0 			 18.0	
 201			 14.0 			 10.0 			 17.0	
 202			 24.0 			 8.0 			 23.0	
 203			 10.0 			 7.0 			 40.0	
 204			 11.0 			 10.0 			 40.0	
 205			 9.0 			 14.0 			 37.0	
 206			 7.0 			 24.0 			 22.0	
 207			 16.0 			 13.0 			 16.0	
 208			 9.0 			 11.0 			 21.0	
 209			 17.0 			 8.0 			 22.0	
 210			 10.0 			 10.0 			 29.0	
 211			 10.0 			 11.0 			 28.0	
 212			 12.0 			 10.0 			 28.0	
 213			 14.0 			 13.0 			 27.0	
 214			 10.0 			 12.0 			 29.0	
 215			 12.0 			 12.0 			 27.0	
 216			 14.0 			 15.0 			 24.0	
 217			 15.0 			 10.0 			 28.0	
 218			 14.0 			 14.0 			 29.0	
 219			 7.0 			 15.0 			 28.0	
 220			 14.0 			 13.0 			 22.0	
 221			 17.0 			 13.0 			 23.0	
 222			 16.0 			 10.0 			 30.0	
 223			 12.0 			 13.0 			 33.0	
 224			 8.0 			 17.0 			 28.0	
 225			 10.0 			 13.0 			 23.0	
 226			 13.0 			 12.0 			 21.0	
 227			 14.0 			 9.0 			 25.0	
 228			 10.0 			 9.0 			 30.0	
 229			 14.0 			 12.0 			 28.0	
 230			 16.0 			 11.0 			 31.0	
 231			 10.0 			 14.0 			 33.0	
 232			 6.0 			 15.0 			 28.0	
 233			 12.0 			 11.0 			 23.0	
 234			 7.0 			 12.0 			 23.0	
 235			 19.0 			 11.0 			 19.0	
 236			 13.0 			 4.0 			 34.0	
 237			 8.0 			 6.0 			 41.0	
 238			 11.0 			 13.0 			 36.0	
 239			 11.0 			 17.0 			 30.0	
 240			 15.0 			 18.0 			 23.0	
 241			 9.0 			 15.0 			 23.0	
 242			 10.0 			 10.0 			 22.0	
 243			 12.0 			 9.0 			 23.0	
 244			 14.0 			 8.0 			 27.0	
 245			 17.0 			 5.0 			 36.0	
 246			 12.0 			 8.0 			 45.0	
 247			 10.0 			 15.0 			 42.0	
 248			 11.0 			 20.0 			 32.0	
 249			 12.0 			 20.0 			 23.0	
 250			 11.0 			 15.0 			 20.0	
 251			 14.0 			 14.0 			 17.0	
 252			 18.0 			 7.0 			 24.0	
 253			 9.0 			 12.0 			 30.0	
 254			 19.0 			 15.0 			 24.0	
 255			 9.0 			 11.0 			 32.0	
 256			 14.0 			 13.0 			 28.0	
 257			 13.0 			 9.0 			 33.0	
 258			 9.0 			 12.0 			 34.0	
 259			 15.0 			 16.0 			 27.0	
 260			 5.0 			 14.0 			 28.0	
 261			 9.0 			 13.0 			 20.0	
 262			 16.0 			 14.0 			 15.0	
 263			 22.0 			 7.0 			 24.0	
 264			 14.0 			 6.0 			 40.0	
 265			 7.0 			 10.0 			 44.0	
 266			 5.0 			 20.0 			 31.0	
 267			 13.0 			 18.0 			 18.0	
 268			 22.0 			 11.0 			 20.0	
 269			 19.0 			 12.0 			 30.0	
 270			 8.0 			 18.0 			 31.0	
 271			 12.0 			 16.0 			 23.0	
 272			 13.0 			 13.0 			 22.0	
 273			 18.0 			 12.0 			 23.0	
 274			 12.0 			 12.0 			 29.0	
 275			 13.0 			 12.0 			 29.0	
 276			 11.0 			 16.0 			 26.0	
 277			 14.0 			 9.0 			 28.0	
 278			 10.0 			 12.0 			 30.0	
 279			 16.0 			 14.0 			 26.0	
 280			 7.0 			 12.0 			 30.0	
 281			 11.0 			 12.0 			 25.0	
 282			 14.0 			 12.0 			 24.0	
 283			 14.0 			 14.0 			 24.0	
 284			 11.0 			 7.0 			 31.0	
 285			 10.0 			 12.0 			 30.0	
 286			 23.0 			 12.0 			 28.0	
 287			 9.0 			 13.0 			 38.0	
 288			 12.0 			 17.0 			 30.0	
 289			 15.0 			 19.0 			 23.0	
 290			 8.0 			 12.0 			 26.0	
 291			 12.0 			 9.0 			 25.0	
 292			 11.0 			 6.0 			 31.0	
 293			 11.0 			 10.0 			 32.0	
 294			 14.0 			 14.0 			 29.0	
 295			 14.0 			 15.0 			 28.0	
 296			 11.0 			 14.0 			 28.0	
 297			 12.0 			 14.0 			 25.0	
 298			 12.0 			 8.0 			 29.0	
 299			 14.0 			 8.0 			 33.0	
 300			 12.0 			 14.0 			 33.0	
 301			 11.0 			 18.0 			 27.0	
 302			 14.0 			 17.0 			 21.0	
 303			 23.0 			 12.0 			 23.0	
 304			 12.0 			 11.0 			 35.0	
 305			 10.0 			 11.0 			 36.0	
 306			 12.0 			 18.0 			 28.0	
 307			 10.0 			 16.0 			 24.0	
 308			 13.0 			 4.0 			 30.0	
 309			 12.0 			 9.0 			 34.0	
 310			 8.0 			 13.0 			 33.0	
 311			 4.0 			 15.0 			 26.0	
 312			 16.0 			 12.0 			 18.0	
 313			 11.0 			 8.0 			 26.0	
 314			 16.0 			 8.0 			 29.0	
 315			 12.0 			 10.0 			 35.0	
 316			 11.0 			 19.0 			 28.0	
 317			 10.0 			 13.0 			 26.0	
 318			 12.0 			 12.0 			 24.0	
 319			 14.0 			 9.0 			 27.0	
 320			 12.0 			 10.0 			 31.0	
 321			 16.0 			 10.0 			 33.0	
 322			 10.0 			 16.0 			 33.0	
 323			 8.0 			 26.0 			 17.0	
 324			 13.0 			 11.0 			 14.0	
 325			 15.0 			 6.0 			 21.0	
 326			 14.0 			 6.0 			 30.0	
 327			 10.0 			 12.0 			 32.0	
 328			 7.0 			 16.0 			 26.0	
 329			 17.0 			 14.0 			 19.0	
 330			 8.0 			 10.0 			 26.0	
 331			 17.0 			 12.0 			 22.0	
 332			 11.0 			 10.0 			 29.0	
 333			 16.0 			 10.0 			 30.0	
 334			 14.0 			 15.0 			 31.0	
 335			 13.0 			 14.0 			 31.0	
 336			 8.0 			 16.0 			 28.0	
 337			 9.0 			 15.0 			 21.0	
 338			 16.0 			 11.0 			 19.0	
 339			 16.0 			 14.0 			 21.0	
 340			 11.0 			 10.0 			 27.0	
 341			 8.0 			 12.0 			 26.0	
 342			 6.0 			 9.0 			 25.0	
 343			 18.0 			 8.0 			 23.0	
 344			 7.0 			 8.0 			 33.0	
 345			 12.0 			 9.0 			 31.0	
 346			 16.0 			 8.0 			 35.0	
 347			 10.0 			 10.0 			 41.0	
 348			 13.0 			 12.0 			 39.0	
 349			 9.0 			 15.0 			 37.0	
 350			 12.0 			 13.0 			 33.0	
 351			 12.0 			 15.0 			 30.0	
 352			 12.0 			 14.0 			 28.0	
 353			 7.0 			 14.0 			 26.0	
 354			 13.0 			 12.0 			 21.0	
 355			 14.0 			 11.0 			 23.0	
 356			 8.0 			 6.0 			 31.0	
 357			 11.0 			 8.0 			 31.0	
 358			 13.0 			 17.0 			 25.0	
 359			 12.0 			 19.0 			 19.0	
 360			 9.0 			 11.0 			 20.0	
 361			 8.0 			 12.0 			 17.0	
 362			 15.0 			 7.0 			 18.0	
 363			 11.0 			 5.0 			 28.0	
 364			 9.0 			 7.0 			 32.0	
 365			 10.0 			 10.0 			 31.0	
 366			 16.0 			 12.0 			 29.0	
 367			 10.0 			 13.0 			 32.0	
 368			 11.0 			 14.0 			 28.0	
 369			 16.0 			 12.0 			 27.0	
 370			 8.0 			 12.0 			 31.0	
 371			 15.0 			 13.0 			 26.0	
 372			 18.0 			 12.0 			 29.0	
 373			 8.0 			 11.0 			 36.0	
 374			 14.0 			 12.0 			 32.0	
 375			 12.0 			 15.0 			 31.0	
 376			 16.0 			 16.0 			 27.0	
 377			 13.0 			 17.0 			 26.0	
 378			 15.0 			 16.0 			 23.0	
 379			 8.0 			 8.0 			 30.0	
 380			 11.0 			 12.0 			 26.0	
 381			 11.0 			 7.0 			 30.0	
 382			 12.0 			 5.0 			 36.0	
 383			 6.0 			 6.0 			 42.0	
 384			 7.0 			 16.0 			 32.0	
 385			 12.0 			 15.0 			 24.0	
 386			 17.0 			 10.0 			 26.0	
 387			 10.0 			 9.0 			 34.0	
 388			 11.0 			 13.0 			 31.0	
 389			 16.0 			 15.0 			 27.0	
 390			 11.0 			 16.0 			 27.0	
 391			 17.0 			 16.0 			 22.0	
 392			 14.0 			 15.0 			 24.0	
 393			 11.0 			 15.0 			 23.0	
 394			 12.0 			 9.0 			 25.0	
 395			 20.0 			 10.0 			 27.0	
 396			 8.0 			 13.0 			 34.0	
 397			 11.0 			 12.0 			 30.0	
 398			 10.0 			 12.0 			 29.0	
 399			 15.0 			 12.0 			 27.0	
 400			 11.0 			 11.0 			 31.0	
 401			 15.0 			 11.0 			 31.0	
 402			 17.0 			 9.0 			 37.0	
 403			 8.0 			 9.0 			 45.0	
 404			 10.0 			 16.0 			 37.0	
 405			 9.0 			 24.0 			 23.0	
 406			 15.0 			 18.0 			 14.0	
 407			 13.0 			 4.0 			 25.0	
 408			 11.0 			 5.0 			 33.0	
 409			 9.0 			 7.0 			 37.0	
 410			 13.0 			 11.0 			 35.0	
 411			 16.0 			 14.0 			 34.0	
 412			 13.0 			 17.0 			 33.0	
 413			 5.0 			 20.0 			 26.0	
 414			 9.0 			 15.0 			 16.0	
 415			 18.0 			 10.0 			 15.0	
 416			 13.0 			 5.0 			 28.0	
 417			 10.0 			 7.0 			 34.0	
 418			 7.0 			 8.0 			 36.0	
 419			 13.0 			 12.0 			 31.0	
 420			 13.0 			 11.0 			 33.0	
 421			 11.0 			 19.0 			 27.0	
 422			 12.0 			 19.0 			 19.0	
 423			 18.0 			 10.0 			 21.0	
 424			 18.0 			 10.0 			 29.0	
 425			 10.0 			 16.0 			 31.0	
 426			 13.0 			 19.0 			 22.0	
 427			 10.0 			 15.0 			 20.0	
 428			 14.0 			 10.0 			 20.0	
 429			 12.0 			 6.0 			 28.0	
 430			 10.0 			 8.0 			 32.0	
 431			 10.0 			 10.0 			 32.0	
 432			 14.0 			 12.0 			 30.0	
 433			 11.0 			 13.0 			 31.0	
 434			 12.0 			 15.0 			 27.0	
 435			 13.0 			 13.0 			 26.0	
 436			 10.0 			 11.0 			 28.0	
 437			 11.0 			 14.0 			 24.0	
 438			 15.0 			 14.0 			 21.0	
 439			 12.0 			 10.0 			 26.0	
 440			 9.0 			 11.0 			 27.0	
 441			 13.0 			 11.0 			 25.0	
 442			 21.0 			 10.0 			 28.0	
 443			 14.0 			 11.0 			 38.0	
 444			 11.0 			 13.0 			 39.0	
 445			 13.0 			 16.0 			 34.0	
 446			 9.0 			 21.0 			 26.0	
 447			 10.0 			 17.0 			 18.0	
 448			 11.0 			 6.0 			 22.0	
 449			 13.0 			 7.0 			 26.0	
 450			 12.0 			 7.0 			 32.0	
 451			 11.0 			 10.0 			 34.0	
 452			 15.0 			 11.0 			 34.0	
 453			 13.0 			 14.0 			 35.0	
 454			 9.0 			 25.0 			 23.0	
 455			 14.0 			 13.0 			 19.0	
 456			 6.0 			 8.0 			 25.0	
 457			 19.0 			 10.0 			 21.0	
 458			 14.0 			 11.0 			 29.0	
 459			 10.0 			 12.0 			 31.0	
 460			 9.0 			 17.0 			 24.0	
 461			 15.0 			 13.0 			 20.0	
 462			 15.0 			 12.0 			 23.0	
 463			 16.0 			 7.0 			 31.0	
 464			 8.0 			 11.0 			 36.0	
 465			 14.0 			 16.0 			 28.0	
 466			 11.0 			 14.0 			 28.0	
 467			 8.0 			 14.0 			 25.0	
 468			 14.0 			 11.0 			 22.0	
 469			 10.0 			 7.0 			 29.0	
 470			 13.0 			 7.0 			 32.0	
 471			 12.0 			 10.0 			 35.0	
 472			 8.0 			 9.0 			 38.0	
 473			 12.0 			 14.0 			 32.0	
 474			 16.0 			 11.0 			 33.0	
 475			 5.0 			 11.0 			 38.0	
 476			 9.0 			 16.0 			 27.0	
 477			 17.0 			 15.0 			 21.0	
 478			 10.0 			 13.0 			 25.0	
 479			 9.0 			 11.0 			 24.0	
 480			 13.0 			 8.0 			 25.0	
 481			 15.0 			 7.0 			 31.0	
 482			 15.0 			 8.0 			 38.0	
 483			 8.0 			 8.0 			 45.0	
 484			 9.0 			 10.0 			 43.0	
 485			 8.0 			 20.0 			 32.0	
 486			 11.0 			 17.0 			 23.0	
 487			 23.0 			 12.0 			 22.0	
 488			 12.0 			 10.0 			 35.0	
 489			 11.0 			 11.0 			 36.0	
 490			 12.0 			 10.0 			 37.0	
 491			 7.0 			 15.0 			 34.0	
 492			 7.0 			 19.0 			 22.0	
 493			 13.0 			 16.0 			 13.0	
 494			 14.0 			 7.0 			 19.0	
 495			 13.0 			 5.0 			 28.0	
 496			 15.0 			 7.0 			 34.0	
 497			 6.0 			 13.0 			 36.0	
 498			 16.0 			 19.0 			 23.0	
 499			 12.0 			 13.0 			 26.0	
 500			 9.0 			 14.0 			 24.0	
 501			 16.0 			 13.0 			 20.0	
 502			 14.0 			 11.0 			 25.0	
 503			 15.0 			 9.0 			 30.0	
 504			 9.0 			 12.0 			 33.0	
 505			 12.0 			 15.0 			 27.0	
 506			 15.0 			 8.0 			 31.0	
 507			 9.0 			 11.0 			 35.0	
 508			 7.0 			 14.0 			 30.0	
 509			 10.0 			 13.0 			 24.0	
 510			 16.0 			 13.0 			 21.0	
 511			 11.0 			 8.0 			 29.0	
 512			 7.0 			 7.0 			 33.0	
 513			 9.0 			 6.0 			 34.0	
 514			 14.0 			 14.0 			 29.0	
 515			 8.0 			 16.0 			 27.0	
 516			 8.0 			 13.0 			 22.0	
 517			 13.0 			 9.0 			 21.0	
 518			 14.0 			 10.0 			 24.0	
 519			 11.0 			 9.0 			 29.0	
 520			 8.0 			 11.0 			 29.0	
 521			 8.0 			 8.0 			 29.0	
 522			 10.0 			 11.0 			 26.0	
 523			 12.0 			 11.0 			 25.0	
 524			 14.0 			 12.0 			 25.0	
 525			 14.0 			 9.0 			 30.0	
 526			 9.0 			 4.0 			 40.0	
 527			 8.0 			 10.0 			 39.0	
 528			 9.0 			 17.0 			 30.0	
 529			 13.0 			 18.0 			 21.0	
 530			 16.0 			 14.0 			 20.0	
 531			 16.0 			 12.0 			 24.0	
 532			 17.0 			 9.0 			 31.0	
 533			 14.0 			 7.0 			 41.0	
 534			 8.0 			 9.0 			 46.0	
 535			 8.0 			 14.0 			 40.0	
 536			 6.0 			 21.0 			 27.0	
 537			 15.0 			 11.0 			 22.0	
 538			 10.0 			 11.0 			 26.0	
 539			 7.0 			 13.0 			 23.0	
 540			 12.0 			 13.0 			 17.0	
 541			 13.0 			 10.0 			 19.0	
 542			 18.0 			 6.0 			 26.0	
 543			 8.0 			 7.0 			 37.0	
 544			 8.0 			 15.0 			 30.0	
 545			 11.0 			 16.0 			 22.0	
 546			 16.0 			 10.0 			 23.0	
 547			 14.0 			 10.0 			 29.0	
 548			 18.0 			 12.0 			 31.0	
 549			 11.0 			 15.0 			 34.0	
 550			 4.0 			 14.0 			 31.0	
 551			 15.0 			 14.0 			 21.0	
 552			 8.0 			 15.0 			 21.0	
 553			 14.0 			 6.0 			 23.0	
 554			 10.0 			 5.0 			 32.0	
 555			 10.0 			 5.0 			 37.0	
 556			 12.0 			 11.0 			 36.0	
 557			 14.0 			 18.0 			 30.0	
 558			 16.0 			 16.0 			 28.0	
 559			 7.0 			 12.0 			 32.0	
 560			 12.0 			 16.0 			 23.0	
 561			 10.0 			 16.0 			 19.0	
 562			 18.0 			 10.0 			 19.0	
 563			 14.0 			 10.0 			 27.0	
 564			 14.0 			 11.0 			 30.0	
 565			 9.0 			 9.0 			 35.0	
 566			 14.0 			 12.0 			 32.0	
 567			 8.0 			 11.0 			 35.0	
 568			 10.0 			 16.0 			 27.0	
 569			 12.0 			 13.0 			 24.0	
 570			 11.0 			 13.0 			 23.0	
 571			 16.0 			 14.0 			 20.0	
 572			 10.0 			 9.0 			 27.0	
 573			 8.0 			 9.0 			 28.0	
 574			 8.0 			 6.0 			 30.0	
 575			 13.0 			 8.0 			 30.0	
 576			 18.0 			 15.0 			 28.0	
 577			 11.0 			 15.0 			 31.0	
 578			 8.0 			 14.0 			 28.0	
 579			 12.0 			 11.0 			 25.0	
 580			 8.0 			 10.0 			 27.0	
 581			 13.0 			 11.0 			 24.0	
 582			 16.0 			 10.0 			 27.0	
 583			 11.0 			 10.0 			 33.0	
 584			 6.0 			 17.0 			 27.0	
 585			 13.0 			 13.0 			 20.0	
 586			 17.0 			 15.0 			 18.0	
 587			 7.0 			 7.0 			 28.0	
 588			 13.0 			 9.0 			 26.0	
 589			 12.0 			 12.0 			 27.0	
 590			 10.0 			 17.0 			 22.0	
 591			 11.0 			 10.0 			 22.0	
 592			 8.0 			 7.0 			 26.0	
 593			 14.0 			 11.0 			 23.0	
 594			 9.0 			 15.0 			 22.0	
 595			 20.0 			 11.0 			 20.0	
 596			 14.0 			 12.0 			 28.0	
 597			 7.0 			 14.0 			 28.0	
 598			 9.0 			 12.0 			 23.0	
 599			 9.0 			 12.0 			 20.0	
 600			 13.0 			 11.0 			 18.0	
 601			 7.0 			 6.0 			 25.0	
 602			 12.0 			 6.0 			 26.0	
 603			 10.0 			 5.0 			 33.0	
 604			 9.0 			 12.0 			 31.0	
 605			 11.0 			 14.0 			 26.0	
 606			 12.0 			 9.0 			 28.0	
 607			 9.0 			 9.0 			 31.0	
 608			 11.0 			 8.0 			 32.0	
 609			 14.0 			 8.0 			 35.0	
 610			 9.0 			 12.0 			 37.0	
 611			 11.0 			 15.0 			 31.0	
 612			 11.0 			 15.0 			 27.0	
 613			 8.0 			 14.0 			 24.0	
 614			 13.0 			 11.0 			 21.0	
 615			 21.0 			 10.0 			 24.0	
 616			 6.0 			 10.0 			 35.0	
 617			 11.0 			 14.0 			 27.0	
 618			 18.0 			 14.0 			 24.0	
 619			 14.0 			 16.0 			 26.0	
 620			 15.0 			 14.0 			 26.0	
 621			 10.0 			 12.0 			 29.0	
 622			 7.0 			 12.0 			 27.0	
 623			 16.0 			 8.0 			 26.0	
 624			 13.0 			 5.0 			 37.0	
 625			 14.0 			 11.0 			 39.0	
 626			 9.0 			 17.0 			 36.0	
 627			 16.0 			 22.0 			 23.0	
 628			 14.0 			 20.0 			 19.0	
 629			 13.0 			 6.0 			 27.0	
 630			 11.0 			 8.0 			 32.0	
 631			 10.0 			 8.0 			 35.0	
 632			 8.0 			 9.0 			 36.0	
 633			 8.0 			 14.0 			 30.0	
 634			 11.0 			 15.0 			 23.0	
 635			 11.0 			 8.0 			 26.0	
 636			 9.0 			 7.0 			 30.0	
 637			 15.0 			 8.0 			 31.0	
 638			 8.0 			 14.0 			 32.0	
 639			 10.0 			 15.0 			 25.0	
 640			 13.0 			 9.0 			 26.0	
 641			 9.0 			 9.0 			 30.0	
 642			 17.0 			 10.0 			 29.0	
 643			 10.0 			 9.0 			 37.0	
 644			 9.0 			 12.0 			 35.0	
 645			 13.0 			 7.0 			 37.0	
 646			 10.0 			 10.0 			 40.0	
 647			 11.0 			 14.0 			 36.0	
 648			 13.0 			 15.0 			 32.0	
 649			 13.0 			 17.0 			 28.0	
 650			 10.0 			 14.0 			 27.0	
 651			 13.0 			 15.0 			 22.0	
 652			 14.0 			 10.0 			 25.0	
 653			 11.0 			 7.0 			 32.0	
 654			 9.0 			 5.0 			 38.0	
 655			 8.0 			 5.0 			 42.0	
 656			 18.0 			 8.0 			 42.0	
 657			 9.0 			 17.0 			 43.0	
 658			 7.0 			 18.0 			 34.0	
 659			 11.0 			 17.0 			 24.0	
 660			 9.0 			 15.0 			 20.0	
 661			 13.0 			 7.0 			 22.0	
 662			 11.0 			 6.0 			 29.0	
 663			 12.0 			 10.0 			 30.0	
 664			 8.0 			 15.0 			 27.0	
 665			 13.0 			 15.0 			 20.0	
 666			 18.0 			 10.0 			 23.0	
 667			 11.0 			 9.0 			 32.0	
 668			 11.0 			 12.0 			 31.0	
 669			 12.0 			 10.0 			 32.0	
 670			 12.0 			 12.0 			 32.0	
 671			 8.0 			 10.0 			 34.0	
 672			 14.0 			 15.0 			 27.0	
 673			 6.0 			 14.0 			 27.0	
